Subject	Factor	Condition	Trial	Score
23	1	1	1	0.7962
23	1	1	2	0.8610
23	1	1	3	1.4824
23	1	1	4	0.3278
23	1	1	5	0.3128
23	1	1	6	-0.5048
23	1	1	7	1.2092
23	1	1	8	-0.7281
23	1	1	9	-0.7407
23	1	1	10	2.2160
23	1	1	11	0.5450
23	1	1	12	0.5992
23	1	1	13	-0.1779
23	1	1	14	0.6390
23	1	1	15	1.0098
23	1	1	16	1.9541
23	1	1	17	1.1900
23	1	1	18	0.7077
23	1	1	19	0.5689
23	1	1	20	1.7584
23	1	1	21	1.0697
23	1	1	22	1.1103
23	1	1	23	0.0830
23	1	1	24	-0.1869
23	1	1	25	0.1849
23	1	1	26	0.5319
23	1	1	27	-2.5319
23	1	1	28	1.5498
23	1	1	29	2.4848
23	1	1	30	0.2951
23	1	1	31	1.2111
23	1	1	32	0.3838
23	1	1	33	1.4843
23	1	1	34	1.5913
23	1	1	35	1.0505
23	1	1	36	0.9836
23	1	1	37	2.0265
23	1	1	38	-0.6822
23	1	2	1	3.5501
23	1	2	2	4.2325
23	1	2	3	5.6314
23	1	2	4	4.3413
23	1	2	5	5.0184
23	1	2	6	5.5000
23	1	2	7	3.7535
23	1	2	8	2.8236
23	1	2	9	3.9081
23	1	2	10	6.0003
23	1	2	11	4.8457
23	1	2	12	4.5535
23	1	2	13	5.6043
23	1	2	14	5.5353
23	1	2	15	4.9644
23	1	2	16	3.8588
23	1	2	17	5.3541
23	1	2	18	4.1064
23	1	2	19	3.5099
23	1	2	20	0.1411
23	1	2	21	3.2408
23	1	2	22	3.5826
23	1	2	23	1.3189
23	1	2	24	4.1057
23	1	2	25	3.2282
23	1	2	26	4.5690
23	1	2	27	5.5494
23	1	2	28	4.6601
23	1	2	29	3.7467
23	1	2	30	2.2012
23	1	2	31	2.6708
23	1	2	32	2.8419
23	1	2	33	5.6265
23	1	2	34	3.1121
23	1	2	35	3.7995
23	1	2	36	3.7023
23	2	1	1	3.3889
23	2	1	2	2.8188
23	2	1	3	1.0038
23	2	1	4	3.8108
23	2	1	5	0.8025
23	2	1	6	3.5577
23	2	1	7	2.1805
23	2	1	8	2.1407
23	2	1	9	2.0347
23	2	1	10	4.1035
23	2	1	11	3.6760
23	2	1	12	1.9856
23	2	1	13	2.2772
23	2	1	14	0.9525
23	2	1	15	1.9830
23	2	1	16	3.3452
23	2	1	17	2.7964
23	2	1	18	1.6946
23	2	1	19	3.0045
23	2	1	20	1.0166
23	2	1	21	2.8062
23	2	1	22	2.2161
23	2	1	23	0.8154
23	2	1	24	1.3604
23	2	1	25	2.8575
23	2	1	26	2.1117
23	2	1	27	2.8516
23	2	1	28	3.3317
23	2	1	29	3.3733
23	2	2	1	7.2169
23	2	2	2	6.7373
23	2	2	3	7.7264
23	2	2	4	5.4219
23	2	2	5	5.2422
23	2	2	6	7.6729
23	2	2	7	6.9684
23	2	2	8	5.5920
23	2	2	9	6.6157
23	2	2	10	7.9615
23	2	2	11	5.9732
23	2	2	12	6.9976
23	2	2	13	5.3698
23	2	2	14	6.6724
23	2	2	15	6.0987
23	2	2	16	5.8702
23	2	2	17	6.1034
23	2	2	18	6.3672
23	2	2	19	5.6742
23	2	2	20	6.3786
23	2	2	21	6.0767
23	2	2	22	5.8172
23	2	2	23	4.2687
23	2	2	24	7.4413
23	2	2	25	5.1481
23	2	2	26	5.8247
23	2	2	27	7.0600
23	2	2	28	6.1811
23	2	2	29	6.8799
23	2	2	30	5.8607
23	2	2	31	5.9740
23	2	2	32	5.0103
23	2	2	33	7.3922
9	1	1	1	1.3246
9	1	1	2	-1.2408
9	1	1	3	0.3209
9	1	1	4	-0.1738
9	1	1	5	1.0714
9	1	1	6	1.2942
9	1	1	7	-0.7817
9	1	1	8	0.8709
9	1	1	9	-0.8147
9	1	1	10	0.9432
9	1	1	11	-0.6778
9	1	1	12	0.2035
9	1	1	13	-1.2125
9	1	1	14	-1.5532
9	1	1	15	-2.4128
9	1	1	16	-1.1507
9	1	1	17	0.2031
9	1	1	18	0.1113
9	1	1	19	1.4329
9	1	1	20	0.4353
9	1	1	21	1.0528
9	1	1	22	0.3788
9	1	1	23	-1.5795
9	1	1	24	-0.0566
9	1	1	25	-1.5281
9	1	1	26	-1.1021
9	1	1	27	0.8314
9	1	1	28	0.5218
9	1	1	29	0.9442
9	1	1	30	0.0360
9	1	1	31	-0.5242
9	1	1	32	0.4188
9	1	1	33	0.3730
9	1	1	34	-1.6541
9	1	1	35	-0.0647
9	1	1	36	0.7529
9	1	1	37	1.5504
9	1	1	38	1.2828
9	1	1	39	2.0103
9	1	2	1	3.2202
9	1	2	2	1.6813
9	1	2	3	3.1781
9	1	2	4	1.7181
9	1	2	5	1.4871
9	1	2	6	2.9614
9	1	2	7	2.9791
9	1	2	8	2.8971
9	1	2	9	3.5654
9	1	2	10	3.5459
9	1	2	11	3.1294
9	1	2	12	1.7667
9	1	2	13	4.6421
9	1	2	14	3.9356
9	1	2	15	1.8470
9	1	2	16	5.6195
9	1	2	17	5.3722
9	1	2	18	3.0530
9	1	2	19	2.4087
9	1	2	20	2.0136
9	1	2	21	1.6176
9	1	2	22	2.9097
9	1	2	23	2.2359
9	1	2	24	2.1221
9	1	2	25	2.5281
9	1	2	26	2.6199
9	1	2	27	1.3649
9	1	2	28	2.1533
9	1	2	29	5.0738
9	1	2	30	4.8569
9	1	2	31	2.9212
9	1	2	32	0.4865
9	1	2	33	0.8093
9	2	1	1	1.6604
9	2	1	2	0.2827
9	2	1	3	0.8242
9	2	1	4	2.7387
9	2	1	5	1.7942
9	2	1	6	1.8083
9	2	1	7	0.3655
9	2	1	8	2.1921
9	2	1	9	1.3612
9	2	1	10	1.7063
9	2	1	11	0.6082
9	2	1	12	1.7107
9	2	1	13	2.0479
9	2	1	14	0.9766
9	2	1	15	1.8038
9	2	1	16	0.2752
9	2	1	17	2.2954
9	2	1	18	1.2054
9	2	1	19	0.6185
9	2	1	20	0.1491
9	2	1	21	1.4002
9	2	1	22	1.1845
9	2	1	23	1.5975
9	2	1	24	0.6777
9	2	1	25	1.4994
9	2	2	1	6.0943
9	2	2	2	5.9461
9	2	2	3	3.5260
9	2	2	4	5.3563
9	2	2	5	6.0619
9	2	2	6	4.0089
9	2	2	7	4.8530
9	2	2	8	5.0986
9	2	2	9	4.1069
9	2	2	10	4.6722
9	2	2	11	5.4644
9	2	2	12	4.7021
9	2	2	13	4.5680
9	2	2	14	2.8351
9	2	2	15	4.6441
9	2	2	16	4.9289
9	2	2	17	5.0508
9	2	2	18	5.2122
9	2	2	19	4.8068
9	2	2	20	4.7634
9	2	2	21	3.9427
9	2	2	22	2.6554
9	2	2	23	2.7128
9	2	2	24	4.9596
9	2	2	25	3.8754
9	2	2	26	5.1002
9	2	2	27	3.7782
10	1	1	1	3.0542
10	1	1	2	1.7510
10	1	1	3	0.8268
10	1	1	4	0.4857
10	1	1	5	1.4312
10	1	1	6	1.0246
10	1	1	7	2.4422
10	1	1	8	2.3970
10	1	1	9	0.9720
10	1	1	10	3.8187
10	1	1	11	-0.0343
10	1	1	12	1.3471
10	1	1	13	0.2842
10	1	1	14	4.5835
10	1	1	15	-0.0702
10	1	1	16	0.6730
10	1	1	17	0.8883
10	1	1	18	2.3744
10	1	1	19	2.5313
10	1	1	20	4.0029
10	1	1	21	2.0543
10	1	1	22	2.6523
10	1	1	23	1.2627
10	1	2	1	2.8816
10	1	2	2	1.7460
10	1	2	3	3.9962
10	1	2	4	4.2341
10	1	2	5	2.0074
10	1	2	6	3.7342
10	1	2	7	3.6122
10	1	2	8	1.7234
10	1	2	9	3.6686
10	1	2	10	3.9373
10	1	2	11	1.7902
10	1	2	12	3.8558
10	1	2	13	2.9341
10	1	2	14	2.5342
10	1	2	15	4.3281
10	1	2	16	3.0742
10	1	2	17	2.4057
10	1	2	18	2.4250
10	1	2	19	5.8236
10	1	2	20	2.0687
10	1	2	21	6.0767
10	1	2	22	3.9557
10	1	2	23	2.4738
10	1	2	24	4.1267
10	1	2	25	4.2806
10	1	2	26	2.4620
10	1	2	27	4.1018
10	1	2	28	3.4439
10	1	2	29	3.8646
10	1	2	30	3.6487
10	2	1	1	2.4399
10	2	1	2	1.2917
10	2	1	3	3.4162
10	2	1	4	3.1894
10	2	1	5	2.1824
10	2	1	6	3.0087
10	2	1	7	2.6523
10	2	1	8	2.3261
10	2	1	9	4.1305
10	2	1	10	3.1006
10	2	1	11	3.3672
10	2	1	12	3.3763
10	2	1	13	4.6619
10	2	1	14	3.3799
10	2	1	15	4.4763
10	2	1	16	4.8835
10	2	1	17	3.0298
10	2	1	18	4.5881
10	2	1	19	3.6652
10	2	1	20	3.2770
10	2	1	21	2.1041
10	2	1	22	4.8706
10	2	1	23	3.8573
10	2	1	24	3.3771
10	2	1	25	4.2779
10	2	1	26	3.7251
10	2	1	27	2.2425
10	2	1	28	3.6502
10	2	2	1	6.0283
10	2	2	2	6.1697
10	2	2	3	6.1030
10	2	2	4	5.1008
10	2	2	5	6.7958
10	2	2	6	6.8828
10	2	2	7	4.2881
10	2	2	8	5.8746
10	2	2	9	6.4305
10	2	2	10	7.3644
10	2	2	11	6.4144
10	2	2	12	3.5968
10	2	2	13	6.6896
10	2	2	14	6.0380
10	2	2	15	6.9846
10	2	2	16	5.6495
10	2	2	17	5.3241
10	2	2	18	4.6869
10	2	2	19	5.0288
10	2	2	20	4.3869
10	2	2	21	4.3250
10	2	2	22	4.9178
10	2	2	23	5.5886
10	2	2	24	5.0663
10	2	2	25	6.3852
10	2	2	26	6.7499
10	2	2	27	4.9651
10	2	2	28	4.4072
10	2	2	29	4.6824
27	1	1	1	0.5933
27	1	1	2	2.0668
27	1	1	3	0.5636
27	1	1	4	0.1767
27	1	1	5	1.2567
27	1	1	6	-0.6800
27	1	1	7	2.3546
27	1	1	8	0.8697
27	1	1	9	1.4702
27	1	1	10	0.4416
27	1	1	11	4.3305
27	1	1	12	-0.3440
27	1	1	13	1.1333
27	1	1	14	-2.2700
27	1	1	15	2.6488
27	1	1	16	-0.8504
27	1	1	17	0.3887
27	1	1	18	0.0865
27	1	1	19	1.0518
27	1	1	20	-0.1121
27	1	1	21	1.0600
27	1	1	22	0.2153
27	1	1	23	-0.0148
27	1	1	24	-1.0460
27	1	1	25	0.4760
27	1	1	26	2.7107
27	1	1	27	1.6205
27	1	1	28	0.7907
27	1	1	29	0.7879
27	1	1	30	1.0881
27	1	1	31	1.0753
27	1	1	32	-1.2341
27	1	2	1	3.0634
27	1	2	2	7.3899
27	1	2	3	3.2777
27	1	2	4	4.5799
27	1	2	5	2.5960
27	1	2	6	4.0675
27	1	2	7	5.0795
27	1	2	8	3.3794
27	1	2	9	3.0008
27	1	2	10	4.2108
27	1	2	11	2.9656
27	1	2	12	2.7005
27	1	2	13	3.5254
27	1	2	14	3.2580
27	1	2	15	4.6617
27	1	2	16	3.0249
27	1	2	17	5.3237
27	1	2	18	2.0719
27	1	2	19	3.9125
27	1	2	20	4.8989
27	1	2	21	3.6124
27	2	1	1	0.8438
27	2	1	2	-0.0404
27	2	1	3	0.8782
27	2	1	4	3.5351
27	2	1	5	0.8122
27	2	1	6	1.9185
27	2	1	7	0.7109
27	2	1	8	2.8248
27	2	1	9	1.0685
27	2	1	10	1.3700
27	2	1	11	2.0639
27	2	1	12	1.0791
27	2	1	13	0.0701
27	2	1	14	2.3026
27	2	1	15	0.7588
27	2	1	16	2.0137
27	2	1	17	3.1427
27	2	1	18	1.5104
27	2	1	19	1.8537
27	2	1	20	1.9013
27	2	1	21	1.0643
27	2	1	22	0.9272
27	2	1	23	0.1059
27	2	1	24	1.3800
27	2	1	25	1.1891
27	2	1	26	1.9286
27	2	2	1	5.6274
27	2	2	2	6.3102
27	2	2	3	4.0098
27	2	2	4	5.9162
27	2	2	5	6.1298
27	2	2	6	5.5971
27	2	2	7	6.5534
27	2	2	8	4.8115
27	2	2	9	5.1145
27	2	2	10	5.1271
27	2	2	11	5.5146
27	2	2	12	7.3444
27	2	2	13	6.6388
27	2	2	14	7.3758
27	2	2	15	4.4645
27	2	2	16	6.3137
27	2	2	17	7.9974
27	2	2	18	6.6566
27	2	2	19	7.2074
27	2	2	20	4.5799
27	2	2	21	6.6045
27	2	2	22	7.4529
27	2	2	23	7.3260
27	2	2	24	6.2657
27	2	2	25	5.9654
27	2	2	26	6.7205
27	2	2	27	6.3331
27	2	2	28	7.9313
27	2	2	29	6.3085
27	2	2	30	5.1634
27	2	2	31	5.8060
27	2	2	32	5.9717
35	1	1	1	2.8173
35	1	1	2	2.1302
35	1	1	3	2.5248
35	1	1	4	4.6755
35	1	1	5	3.2068
35	1	1	6	2.8649
35	1	1	7	3.4845
35	1	1	8	3.6789
35	1	1	9	2.7475
35	1	1	10	1.3027
35	1	1	11	1.3894
35	1	1	12	2.5080
35	1	1	13	2.9276
35	1	1	14	1.6152
35	1	1	15	1.7896
35	1	1	16	2.3300
35	1	1	17	1.8474
35	1	1	18	1.3284
35	1	1	19	2.0811
35	1	1	20	0.0961
35	1	1	21	4.2615
35	1	1	22	1.6352
35	1	1	23	3.1341
35	1	2	1	0.1626
35	1	2	2	1.0470
35	1	2	3	2.1198
35	1	2	4	0.3355
35	1	2	5	1.1714
35	1	2	6	1.3156
35	1	2	7	1.6058
35	1	2	8	1.0887
35	1	2	9	0.9502
35	1	2	10	0.8217
35	1	2	11	1.1810
35	1	2	12	0.7659
35	1	2	13	-0.6014
35	1	2	14	2.3352
35	1	2	15	1.7828
35	1	2	16	2.6044
35	1	2	17	1.0966
35	1	2	18	1.7704
35	1	2	19	0.1832
35	1	2	20	0.4736
35	1	2	21	0.9523
35	1	2	22	2.1877
35	1	2	23	0.7023
35	1	2	24	1.1126
35	1	2	25	2.0345
35	1	2	26	2.3857
35	1	2	27	1.4489
35	1	2	28	1.1259
35	1	2	29	1.2433
35	1	2	30	0.8034
35	1	2	31	0.3180
35	1	2	32	2.1210
35	1	2	33	-1.6013
35	2	1	1	0.9078
35	2	1	2	1.6363
35	2	1	3	0.5281
35	2	1	4	-0.1340
35	2	1	5	0.5420
35	2	1	6	1.1816
35	2	1	7	2.1455
35	2	1	8	0.6949
35	2	1	9	1.2277
35	2	1	10	2.4329
35	2	1	11	0.7401
35	2	1	12	-0.0533
35	2	1	13	0.2186
35	2	1	14	1.8551
35	2	1	15	-0.2812
35	2	1	16	1.4993
35	2	1	17	-0.7912
35	2	1	18	1.6392
35	2	1	19	0.8497
35	2	1	20	0.5408
35	2	1	21	-0.1662
35	2	1	22	0.8783
35	2	1	23	-0.5706
35	2	1	24	1.0399
35	2	1	25	0.0478
35	2	2	1	5.2699
35	2	2	2	7.8266
35	2	2	3	8.2357
35	2	2	4	5.5581
35	2	2	5	7.2824
35	2	2	6	6.5444
35	2	2	7	5.2968
35	2	2	8	5.6091
35	2	2	9	7.6084
35	2	2	10	9.1734
35	2	2	11	6.1652
35	2	2	12	5.9997
35	2	2	13	7.3243
35	2	2	14	9.7098
35	2	2	15	6.8833
35	2	2	16	5.6074
35	2	2	17	7.4261
35	2	2	18	4.2348
35	2	2	19	7.6953
35	2	2	20	4.9379
35	2	2	21	6.4180
35	2	2	22	6.3798
35	2	2	23	6.8494
35	2	2	24	8.2304
35	2	2	25	8.3901
35	2	2	26	5.5365
35	2	2	27	5.5900
35	2	2	28	6.5795
35	2	2	29	5.3862
35	2	2	30	6.9600
35	2	2	31	4.7966
35	2	2	32	6.4803
19	1	1	1	1.3844
19	1	1	2	-0.6585
19	1	1	3	1.2585
19	1	1	4	1.1770
19	1	1	5	0.0734
19	1	1	6	0.1414
19	1	1	7	1.2800
19	1	1	8	0.3700
19	1	1	9	1.2462
19	1	1	10	0.5008
19	1	1	11	0.2321
19	1	1	12	-0.2740
19	1	1	13	2.8059
19	1	1	14	1.0850
19	1	1	15	1.7849
19	1	1	16	0.4876
19	1	1	17	1.7364
19	1	1	18	1.3734
19	1	1	19	1.5884
19	1	1	20	0.2625
19	1	1	21	2.0606
19	1	1	22	0.9204
19	1	1	23	0.4708
19	1	1	24	-0.0267
19	1	1	25	1.5574
19	1	1	26	0.8595
19	1	1	27	0.0075
19	1	1	28	1.4972
19	1	1	29	1.7315
19	1	1	30	-0.2683
19	1	2	1	3.7025
19	1	2	2	1.7026
19	1	2	3	2.5850
19	1	2	4	3.1486
19	1	2	5	2.4983
19	1	2	6	1.2519
19	1	2	7	3.4364
19	1	2	8	3.3428
19	1	2	9	3.3174
19	1	2	10	1.7928
19	1	2	11	2.8016
19	1	2	12	2.0381
19	1	2	13	2.3024
19	1	2	14	2.4473
19	1	2	15	4.5479
19	1	2	16	2.9107
19	1	2	17	3.6356
19	1	2	18	3.5928
19	1	2	19	3.4004
19	1	2	20	2.8010
19	1	2	21	1.1604
19	1	2	22	2.4308
19	1	2	23	3.4031
19	1	2	24	2.3101
19	1	2	25	2.2720
19	1	2	26	0.6932
19	1	2	27	3.7206
19	1	2	28	3.4391
19	1	2	29	2.5096
19	2	1	1	1.0125
19	2	1	2	2.9396
19	2	1	3	1.3963
19	2	1	4	3.5414
19	2	1	5	3.0086
19	2	1	6	0.4050
19	2	1	7	0.1844
19	2	1	8	5.8434
19	2	1	9	1.8244
19	2	1	10	2.5461
19	2	1	11	2.5513
19	2	1	12	1.6325
19	2	1	13	1.9864
19	2	1	14	3.7354
19	2	1	15	2.7823
19	2	1	16	2.8601
19	2	1	17	3.0884
19	2	1	18	3.3697
19	2	1	19	1.7574
19	2	1	20	1.4907
19	2	1	21	1.8349
19	2	1	22	1.6867
19	2	1	23	1.9285
19	2	1	24	2.8345
19	2	1	25	1.5385
19	2	1	26	1.0332
19	2	1	27	2.4543
19	2	1	28	2.7777
19	2	1	29	3.8745
19	2	1	30	4.9392
19	2	1	31	2.7914
19	2	2	1	4.7364
19	2	2	2	5.0571
19	2	2	3	7.3428
19	2	2	4	6.1807
19	2	2	5	4.9886
19	2	2	6	6.4216
19	2	2	7	6.6629
19	2	2	8	6.5905
19	2	2	9	5.2148
19	2	2	10	4.8546
19	2	2	11	4.9048
19	2	2	12	6.1153
19	2	2	13	5.3839
19	2	2	14	4.7558
19	2	2	15	7.6870
19	2	2	16	5.6240
19	2	2	17	5.6108
19	2	2	18	7.2234
19	2	2	19	8.8235
19	2	2	20	6.4559
19	2	2	21	4.8144
19	2	2	22	4.5926
19	2	2	23	6.4675
19	2	2	24	4.5770
19	2	2	25	5.2990
19	2	2	26	6.3510
19	2	2	27	4.0679
19	2	2	28	4.3181
19	2	2	29	6.2468
19	2	2	30	3.7430
19	2	2	31	5.8671
19	2	2	32	5.6576
19	2	2	33	6.0528
19	2	2	34	4.6545
19	2	2	35	5.1812
19	2	2	36	5.5644
19	2	2	37	7.6122
19	2	2	38	5.6901
19	2	2	39	6.0787
30	1	1	1	1.1925
30	1	1	2	2.4989
30	1	1	3	1.4182
30	1	1	4	0.3206
30	1	1	5	0.9421
30	1	1	6	1.5324
30	1	1	7	1.0924
30	1	1	8	1.7781
30	1	1	9	1.4332
30	1	1	10	1.9683
30	1	1	11	1.0333
30	1	1	12	1.6626
30	1	1	13	2.2300
30	1	1	14	1.5392
30	1	1	15	-0.1138
30	1	1	16	1.1738
30	1	1	17	1.4028
30	1	1	18	1.3632
30	1	1	19	2.0536
30	1	1	20	0.3954
30	1	1	21	1.8315
30	1	1	22	0.7341
30	1	1	23	0.9064
30	1	1	24	1.9188
30	1	1	25	0.5776
30	1	1	26	0.4776
30	1	1	27	1.7559
30	1	2	1	2.9599
30	1	2	2	1.6455
30	1	2	3	2.0427
30	1	2	4	4.6223
30	1	2	5	4.3655
30	1	2	6	4.2168
30	1	2	7	4.3471
30	1	2	8	3.7194
30	1	2	9	1.3587
30	1	2	10	2.2129
30	1	2	11	2.9388
30	1	2	12	4.4498
30	1	2	13	5.0531
30	1	2	14	2.8063
30	1	2	15	3.6959
30	1	2	16	2.9526
30	1	2	17	3.7241
30	1	2	18	3.3573
30	1	2	19	0.3359
30	1	2	20	2.9122
30	1	2	21	4.7682
30	1	2	22	3.6471
30	1	2	23	4.5789
30	1	2	24	3.4381
30	1	2	25	5.3708
30	1	2	26	3.7698
30	1	2	27	2.1782
30	1	2	28	2.3681
30	2	1	1	3.1042
30	2	1	2	1.3182
30	2	1	3	2.0040
30	2	1	4	2.6352
30	2	1	5	1.2090
30	2	1	6	3.7926
30	2	1	7	1.5557
30	2	1	8	2.2327
30	2	1	9	2.6965
30	2	1	10	1.9240
30	2	1	11	2.4213
30	2	1	12	1.9962
30	2	1	13	3.1672
30	2	1	14	2.6444
30	2	1	15	0.7682
30	2	1	16	3.3716
30	2	1	17	1.9656
30	2	1	18	0.7575
30	2	1	19	2.2300
30	2	1	20	2.2313
30	2	1	21	1.1192
30	2	1	22	0.5302
30	2	1	23	1.6366
30	2	1	24	0.5369
30	2	1	25	3.3905
30	2	1	26	0.8290
30	2	2	1	5.6685
30	2	2	2	4.9806
30	2	2	3	5.2258
30	2	2	4	7.5555
30	2	2	5	5.5605
30	2	2	6	7.0850
30	2	2	7	8.0438
30	2	2	8	6.8363
30	2	2	9	5.6856
30	2	2	10	6.1446
30	2	2	11	5.2814
30	2	2	12	8.4578
30	2	2	13	5.7775
30	2	2	14	6.5841
30	2	2	15	3.8696
30	2	2	16	6.5018
30	2	2	17	6.2431
30	2	2	18	5.9329
30	2	2	19	6.5767
30	2	2	20	6.4341
30	2	2	21	5.4927
30	2	2	22	5.5289
30	2	2	23	6.2681
30	2	2	24	5.5162
30	2	2	25	5.7798
30	2	2	26	5.7576
30	2	2	27	5.6809
30	2	2	28	4.4643
5	1	1	1	0.5189
5	1	1	2	1.2437
5	1	1	3	3.2229
5	1	1	4	2.2057
5	1	1	5	1.9269
5	1	1	6	3.3695
5	1	1	7	2.2177
5	1	1	8	2.4253
5	1	1	9	1.3037
5	1	1	10	2.5219
5	1	1	11	0.8991
5	1	1	12	2.4306
5	1	1	13	0.7532
5	1	1	14	2.9208
5	1	1	15	0.7052
5	1	1	16	0.7735
5	1	1	17	1.4233
5	1	1	18	2.2009
5	1	1	19	2.3942
5	1	1	20	1.0362
5	1	1	21	2.7565
5	1	1	22	2.0940
5	1	1	23	3.7736
5	1	1	24	0.5692
5	1	1	25	0.9200
5	1	1	26	0.8146
5	1	2	1	4.2230
5	1	2	2	5.1498
5	1	2	3	6.5610
5	1	2	4	4.4027
5	1	2	5	4.2400
5	1	2	6	3.1406
5	1	2	7	4.3832
5	1	2	8	3.7691
5	1	2	9	4.4728
5	1	2	10	4.5683
5	1	2	11	5.6206
5	1	2	12	3.9353
5	1	2	13	3.9236
5	1	2	14	3.0707
5	1	2	15	3.4914
5	1	2	16	4.0543
5	1	2	17	5.2155
5	1	2	18	4.6352
5	1	2	19	6.1922
5	1	2	20	5.1659
5	1	2	21	3.6109
5	1	2	22	4.9659
5	1	2	23	4.9790
5	1	2	24	3.6321
5	1	2	25	4.0745
5	1	2	26	3.8312
5	1	2	27	3.8202
5	1	2	28	2.4047
5	2	1	1	1.8152
5	2	1	2	1.9438
5	2	1	3	2.1723
5	2	1	4	3.6019
5	2	1	5	4.2071
5	2	1	6	1.9872
5	2	1	7	2.0390
5	2	1	8	1.8666
5	2	1	9	1.4689
5	2	1	10	2.4600
5	2	1	11	3.5480
5	2	1	12	3.4403
5	2	1	13	3.7800
5	2	1	14	2.3344
5	2	1	15	1.6413
5	2	1	16	3.5165
5	2	1	17	3.4099
5	2	1	18	3.2877
5	2	1	19	2.0949
5	2	1	20	1.4773
5	2	1	21	4.4460
5	2	1	22	2.3992
5	2	1	23	1.9867
5	2	1	24	3.5278
5	2	1	25	3.5505
5	2	1	26	2.8655
5	2	1	27	3.1622
5	2	1	28	2.5116
5	2	1	29	1.3877
5	2	1	30	2.8760
5	2	2	1	6.1137
5	2	2	2	4.7035
5	2	2	3	4.4442
5	2	2	4	6.1560
5	2	2	5	4.3640
5	2	2	6	4.2940
5	2	2	7	4.5415
5	2	2	8	3.5017
5	2	2	9	4.9297
5	2	2	10	7.5286
5	2	2	11	5.2453
5	2	2	12	5.8982
5	2	2	13	5.4663
5	2	2	14	7.2034
5	2	2	15	6.6162
5	2	2	16	4.9776
5	2	2	17	4.9160
5	2	2	18	5.7332
5	2	2	19	4.7994
5	2	2	20	4.7974
5	2	2	21	6.0956
5	2	2	22	4.0591
5	2	2	23	6.1829
5	2	2	24	4.5174
5	2	2	25	4.2862
5	2	2	26	4.1734
5	2	2	27	4.0368
5	2	2	28	5.7458
5	2	2	29	5.0557
5	2	2	30	6.1056
5	2	2	31	5.2364
5	2	2	32	4.0253
5	2	2	33	4.9517
5	2	2	34	6.6288
5	2	2	35	5.0886
11	1	1	1	1.8782
11	1	1	2	3.1653
11	1	1	3	3.0616
11	1	1	4	4.1424
11	1	1	5	2.2110
11	1	1	6	2.4280
11	1	1	7	1.9481
11	1	1	8	0.5732
11	1	1	9	3.6183
11	1	1	10	4.2280
11	1	1	11	3.1194
11	1	1	12	2.4662
11	1	1	13	1.5054
11	1	1	14	1.8979
11	1	1	15	2.6807
11	1	1	16	2.0815
11	1	1	17	1.8976
11	1	1	18	2.4516
11	1	1	19	4.1552
11	1	1	20	3.5956
11	1	1	21	4.2126
11	1	1	22	2.5691
11	1	1	23	2.4247
11	1	1	24	4.1779
11	1	1	25	3.2941
11	1	1	26	1.4539
11	1	2	1	4.2045
11	1	2	2	2.6485
11	1	2	3	2.9621
11	1	2	4	3.8403
11	1	2	5	0.1578
11	1	2	6	2.1047
11	1	2	7	0.7730
11	1	2	8	2.9846
11	1	2	9	2.0366
11	1	2	10	1.8005
11	1	2	11	2.0267
11	1	2	12	1.9333
11	1	2	13	1.7617
11	1	2	14	4.0631
11	1	2	15	4.8471
11	1	2	16	2.6650
11	1	2	17	3.4171
11	1	2	18	2.5357
11	1	2	19	4.2930
11	1	2	20	4.2078
11	1	2	21	1.6985
11	1	2	22	4.1354
11	2	1	1	1.0838
11	2	1	2	1.6715
11	2	1	3	1.8156
11	2	1	4	0.9676
11	2	1	5	1.1456
11	2	1	6	0.5936
11	2	1	7	1.1750
11	2	1	8	-0.1216
11	2	1	9	-0.4629
11	2	1	10	0.5786
11	2	1	11	0.0950
11	2	1	12	0.6248
11	2	1	13	1.0385
11	2	1	14	1.2844
11	2	1	15	-0.5771
11	2	1	16	0.7868
11	2	1	17	0.4489
11	2	1	18	-0.4252
11	2	1	19	0.9127
11	2	1	20	1.4550
11	2	1	21	1.9240
11	2	1	22	2.5274
11	2	1	23	0.5343
11	2	1	24	1.4114
11	2	1	25	1.0317
11	2	1	26	1.5616
11	2	1	27	0.9874
11	2	1	28	1.4152
11	2	1	29	1.5350
11	2	2	1	6.7895
11	2	2	2	7.0364
11	2	2	3	6.5178
11	2	2	4	6.4502
11	2	2	5	6.6066
11	2	2	6	6.9905
11	2	2	7	6.0595
11	2	2	8	5.5977
11	2	2	9	4.4946
11	2	2	10	4.9309
11	2	2	11	6.2026
11	2	2	12	7.5343
11	2	2	13	7.2671
11	2	2	14	6.5767
11	2	2	15	5.4319
11	2	2	16	7.3683
11	2	2	17	3.5701
11	2	2	18	6.3032
11	2	2	19	6.4706
11	2	2	20	6.0163
11	2	2	21	6.0896
11	2	2	22	6.3785
11	2	2	23	6.6313
11	2	2	24	5.5467
11	2	2	25	6.4402
11	2	2	26	7.9056
11	2	2	27	6.8215
11	2	2	28	5.4977
11	2	2	29	6.9786
6	1	1	1	-0.0054
6	1	1	2	0.8519
6	1	1	3	-0.9254
6	1	1	4	-1.7311
6	1	1	5	-0.6602
6	1	1	6	-1.2733
6	1	1	7	-0.5839
6	1	1	8	-0.2161
6	1	1	9	2.3621
6	1	1	10	0.0365
6	1	1	11	-0.8189
6	1	1	12	0.2160
6	1	1	13	-0.3321
6	1	1	14	0.7060
6	1	1	15	1.4228
6	1	1	16	1.6360
6	1	1	17	-0.6497
6	1	1	18	0.7813
6	1	1	19	0.7141
6	1	1	20	0.3488
6	1	2	1	3.0955
6	1	2	2	0.7909
6	1	2	3	1.4478
6	1	2	4	2.0503
6	1	2	5	0.6848
6	1	2	6	2.5843
6	1	2	7	1.9636
6	1	2	8	1.3448
6	1	2	9	1.8920
6	1	2	10	1.1397
6	1	2	11	1.9368
6	1	2	12	2.4478
6	1	2	13	3.1446
6	1	2	14	3.6646
6	1	2	15	3.0147
6	1	2	16	2.3703
6	1	2	17	3.1134
6	1	2	18	3.0234
6	1	2	19	3.3651
6	1	2	20	2.7583
6	1	2	21	1.7604
6	1	2	22	2.5751
6	1	2	23	2.5968
6	1	2	24	0.9989
6	1	2	25	2.8254
6	1	2	26	3.0419
6	1	2	27	2.8153
6	1	2	28	1.6676
6	1	2	29	4.9183
6	1	2	30	1.0434
6	1	2	31	2.7731
6	1	2	32	1.8742
6	1	2	33	2.5278
6	2	1	1	-0.8027
6	2	1	2	2.5265
6	2	1	3	3.1002
6	2	1	4	1.2995
6	2	1	5	2.0220
6	2	1	6	1.1474
6	2	1	7	2.4312
6	2	1	8	2.1302
6	2	1	9	0.6376
6	2	1	10	0.8565
6	2	1	11	3.3073
6	2	1	12	2.2057
6	2	1	13	2.1975
6	2	1	14	1.2383
6	2	1	15	2.7641
6	2	1	16	3.6368
6	2	1	17	-1.2041
6	2	1	18	2.1933
6	2	1	19	1.2228
6	2	1	20	1.6249
6	2	1	21	1.9772
6	2	1	22	1.4083
6	2	1	23	2.7169
6	2	1	24	0.8333
6	2	1	25	0.0192
6	2	1	26	1.5115
6	2	1	27	-0.6940
6	2	1	28	-0.2551
6	2	1	29	-0.0449
6	2	1	30	0.6988
6	2	1	31	2.2455
6	2	1	32	0.2585
6	2	1	33	0.4163
6	2	1	34	2.2569
6	2	1	35	2.3451
6	2	2	1	4.5692
6	2	2	2	6.6224
6	2	2	3	6.2441
6	2	2	4	5.6592
6	2	2	5	4.1064
6	2	2	6	4.2558
6	2	2	7	4.2157
6	2	2	8	6.4305
6	2	2	9	5.0364
6	2	2	10	6.0629
6	2	2	11	4.9880
6	2	2	12	4.8905
6	2	2	13	4.7319
6	2	2	14	4.4587
6	2	2	15	6.3619
6	2	2	16	5.2998
6	2	2	17	6.5815
6	2	2	18	4.9651
6	2	2	19	5.6820
6	2	2	20	5.5110
6	2	2	21	4.2584
6	2	2	22	5.2132
6	2	2	23	4.7513
6	2	2	24	6.3516
6	2	2	25	5.9342
16	1	1	1	0.0374
16	1	1	2	0.8678
16	1	1	3	1.3269
16	1	1	4	-0.1150
16	1	1	5	1.1403
16	1	1	6	0.7793
16	1	1	7	0.9153
16	1	1	8	0.5641
16	1	1	9	0.5372
16	1	1	10	-0.6706
16	1	1	11	2.0329
16	1	1	12	-0.1508
16	1	1	13	1.6161
16	1	1	14	-1.2170
16	1	1	15	0.0598
16	1	1	16	-1.1092
16	1	1	17	2.6045
16	1	1	18	1.6305
16	1	1	19	-0.6665
16	1	1	20	-0.1665
16	1	1	21	0.1943
16	1	1	22	1.8983
16	1	1	23	0.8156
16	1	1	24	1.6588
16	1	1	25	1.3206
16	1	2	1	5.8667
16	1	2	2	5.7211
16	1	2	3	5.8155
16	1	2	4	5.5702
16	1	2	5	5.6898
16	1	2	6	6.4320
16	1	2	7	7.0195
16	1	2	8	6.0239
16	1	2	9	4.5385
16	1	2	10	5.1316
16	1	2	11	6.0633
16	1	2	12	6.0002
16	1	2	13	6.5321
16	1	2	14	5.4842
16	1	2	15	5.5123
16	1	2	16	5.8080
16	1	2	17	6.8198
16	1	2	18	6.5504
16	1	2	19	6.3055
16	1	2	20	4.9594
16	1	2	21	4.3076
16	1	2	22	4.7153
16	1	2	23	5.2404
16	1	2	24	5.8752
16	1	2	25	5.8348
16	1	2	26	5.4308
16	1	2	27	6.2527
16	1	2	28	5.1922
16	1	2	29	4.5228
16	1	2	30	7.3361
16	1	2	31	4.2743
16	1	2	32	7.6266
16	1	2	33	5.2420
16	1	2	34	6.1130
16	2	1	1	2.0332
16	2	1	2	1.1923
16	2	1	3	2.6966
16	2	1	4	2.7374
16	2	1	5	2.3453
16	2	1	6	3.2263
16	2	1	7	2.6924
16	2	1	8	1.4818
16	2	1	9	2.9067
16	2	1	10	2.4246
16	2	1	11	3.0360
16	2	1	12	2.2924
16	2	1	13	2.9392
16	2	1	14	2.1267
16	2	1	15	2.4455
16	2	1	16	1.3102
16	2	1	17	3.1735
16	2	1	18	3.8953
16	2	1	19	2.2395
16	2	1	20	1.9617
16	2	1	21	1.5647
16	2	1	22	1.7991
16	2	1	23	0.8415
16	2	1	24	2.4671
16	2	1	25	0.8462
16	2	1	26	3.8946
16	2	1	27	3.3548
16	2	1	28	1.5317
16	2	1	29	4.1600
16	2	1	30	1.6915
16	2	1	31	2.0436
16	2	1	32	2.6314
16	2	1	33	2.4792
16	2	1	34	1.7236
16	2	1	35	2.1533
16	2	1	36	2.6762
16	2	2	1	6.2202
16	2	2	2	7.2397
16	2	2	3	5.3593
16	2	2	4	7.3661
16	2	2	5	7.2069
16	2	2	6	7.5790
16	2	2	7	5.6153
16	2	2	8	4.6905
16	2	2	9	5.2295
16	2	2	10	7.2884
16	2	2	11	6.1721
16	2	2	12	7.2522
16	2	2	13	5.4568
16	2	2	14	5.8900
16	2	2	15	6.5942
16	2	2	16	7.1846
16	2	2	17	8.4076
16	2	2	18	5.6211
16	2	2	19	6.1299
16	2	2	20	7.3394
16	2	2	21	5.6641
16	2	2	22	7.7351
16	2	2	23	5.9002
16	2	2	24	4.9689
16	2	2	25	7.9980
16	2	2	26	6.9210
16	2	2	27	7.3418
16	2	2	28	5.9025
16	2	2	29	6.6858
16	2	2	30	4.9276
16	2	2	31	5.9396
16	2	2	32	4.7592
16	2	2	33	4.9923
16	2	2	34	6.7996
16	2	2	35	6.9563
16	2	2	36	7.4192
16	2	2	37	6.7695
16	2	2	38	7.9480
16	2	2	39	8.3697
16	2	2	40	6.3169
29	1	1	1	1.8631
29	1	1	2	3.3521
29	1	1	3	2.2666
29	1	1	4	1.7518
29	1	1	5	2.1192
29	1	1	6	-0.6410
29	1	1	7	3.7585
29	1	1	8	2.6444
29	1	1	9	1.0108
29	1	1	10	2.2551
29	1	1	11	1.9378
29	1	1	12	3.3864
29	1	1	13	2.3460
29	1	1	14	3.3393
29	1	1	15	1.1626
29	1	1	16	1.2388
29	1	1	17	2.0557
29	1	1	18	1.7219
29	1	1	19	1.6855
29	1	1	20	-0.0658
29	1	1	21	0.3317
29	1	1	22	1.9690
29	1	1	23	2.7746
29	1	1	24	4.1139
29	1	1	25	1.6755
29	1	1	26	1.8927
29	1	1	27	2.5347
29	1	1	28	3.0653
29	1	1	29	2.3168
29	1	2	1	3.9474
29	1	2	2	1.4494
29	1	2	3	5.8239
29	1	2	4	3.7363
29	1	2	5	2.4138
29	1	2	6	3.8548
29	1	2	7	3.2894
29	1	2	8	3.1088
29	1	2	9	3.8029
29	1	2	10	3.6860
29	1	2	11	4.5449
29	1	2	12	2.4110
29	1	2	13	2.2322
29	1	2	14	3.3345
29	1	2	15	4.5280
29	1	2	16	4.1615
29	1	2	17	3.4617
29	1	2	18	5.2855
29	1	2	19	2.2778
29	1	2	20	3.4402
29	1	2	21	2.7567
29	1	2	22	2.2818
29	1	2	23	3.1420
29	1	2	24	3.4496
29	1	2	25	5.4158
29	1	2	26	3.0571
29	1	2	27	4.0653
29	1	2	28	2.5831
29	1	2	29	3.3942
29	1	2	30	4.2676
29	1	2	31	2.4873
29	1	2	32	3.4064
29	1	2	33	3.0209
29	1	2	34	3.0368
29	1	2	35	3.6979
29	1	2	36	3.7184
29	1	2	37	2.6012
29	1	2	38	2.4159
29	2	1	1	2.5101
29	2	1	2	2.8698
29	2	1	3	2.5478
29	2	1	4	1.8011
29	2	1	5	2.6863
29	2	1	6	4.6527
29	2	1	7	2.4157
29	2	1	8	3.8201
29	2	1	9	3.7436
29	2	1	10	0.8889
29	2	1	11	2.1403
29	2	1	12	4.0043
29	2	1	13	1.9157
29	2	1	14	3.3829
29	2	1	15	1.8890
29	2	1	16	3.4353
29	2	1	17	2.2681
29	2	1	18	2.5018
29	2	1	19	5.9894
29	2	1	20	1.2535
29	2	1	21	3.5402
29	2	1	22	3.7381
29	2	1	23	1.9454
29	2	1	24	0.1289
29	2	1	25	3.9270
29	2	1	26	2.6293
29	2	1	27	1.4254
29	2	1	28	2.6318
29	2	1	29	0.8570
29	2	2	1	5.2221
29	2	2	2	4.7244
29	2	2	3	4.9002
29	2	2	4	5.6127
29	2	2	5	2.1637
29	2	2	6	3.2378
29	2	2	7	5.3421
29	2	2	8	5.4860
29	2	2	9	4.2968
29	2	2	10	4.7894
29	2	2	11	4.9065
29	2	2	12	5.2992
29	2	2	13	5.0405
29	2	2	14	4.3405
29	2	2	15	4.0877
29	2	2	16	4.1001
29	2	2	17	3.0824
29	2	2	18	2.6900
29	2	2	19	5.0705
29	2	2	20	5.8987
29	2	2	21	3.6088
29	2	2	22	2.7161
29	2	2	23	3.8887
29	2	2	24	4.4277
29	2	2	25	3.4076
29	2	2	26	4.5679
29	2	2	27	4.8458
29	2	2	28	4.4065
29	2	2	29	5.3518
29	2	2	30	4.7371
29	2	2	31	6.1402
29	2	2	32	4.0994
29	2	2	33	2.2672
29	2	2	34	3.2693
29	2	2	35	4.9496
29	2	2	36	4.6873
12	1	1	1	3.6048
12	1	1	2	3.0538
12	1	1	3	5.3365
12	1	1	4	4.2533
12	1	1	5	3.1794
12	1	1	6	4.2853
12	1	1	7	2.4058
12	1	1	8	2.8824
12	1	1	9	2.4743
12	1	1	10	3.6955
12	1	1	11	5.3228
12	1	1	12	3.5752
12	1	1	13	2.7673
12	1	1	14	3.5577
12	1	1	15	3.0083
12	1	1	16	1.2497
12	1	1	17	2.2798
12	1	1	18	3.2665
12	1	1	19	5.4392
12	1	1	20	2.4403
12	1	1	21	3.0330
12	1	1	22	2.3881
12	1	1	23	2.6076
12	1	1	24	2.0797
12	1	1	25	4.5997
12	1	1	26	3.4585
12	1	1	27	1.8217
12	1	1	28	3.8823
12	1	1	29	3.6189
12	1	1	30	2.7777
12	1	1	31	2.5404
12	1	1	32	2.1288
12	1	1	33	4.1234
12	1	1	34	3.5171
12	1	1	35	3.0220
12	1	1	36	4.3627
12	1	1	37	0.7861
12	1	2	1	2.7661
12	1	2	2	1.5534
12	1	2	3	2.0515
12	1	2	4	2.1448
12	1	2	5	2.1479
12	1	2	6	1.8951
12	1	2	7	1.2183
12	1	2	8	3.0824
12	1	2	9	1.3495
12	1	2	10	3.1239
12	1	2	11	2.1080
12	1	2	12	3.6702
12	1	2	13	1.2717
12	1	2	14	-0.1899
12	1	2	15	0.5953
12	1	2	16	1.2373
12	1	2	17	2.6026
12	1	2	18	1.4956
12	1	2	19	0.1867
12	1	2	20	1.7079
12	1	2	21	0.2585
12	1	2	22	1.5775
12	1	2	23	0.3854
12	2	1	1	2.4894
12	2	1	2	1.6956
12	2	1	3	2.1064
12	2	1	4	1.7196
12	2	1	5	3.6848
12	2	1	6	2.8383
12	2	1	7	4.0805
12	2	1	8	0.6503
12	2	1	9	2.2100
12	2	1	10	2.5984
12	2	1	11	3.7204
12	2	1	12	3.2344
12	2	1	13	1.0043
12	2	1	14	3.5889
12	2	1	15	2.9394
12	2	1	16	2.7526
12	2	1	17	1.2690
12	2	1	18	1.5032
12	2	1	19	2.4607
12	2	1	20	2.8740
12	2	1	21	3.8922
12	2	1	22	3.1684
12	2	1	23	2.4213
12	2	1	24	2.7449
12	2	1	25	2.1685
12	2	1	26	1.8342
12	2	1	27	2.2305
12	2	1	28	1.8594
12	2	2	1	6.3188
12	2	2	2	5.3741
12	2	2	3	6.4869
12	2	2	4	3.0361
12	2	2	5	5.7798
12	2	2	6	4.7212
12	2	2	7	5.5911
12	2	2	8	4.5224
12	2	2	9	4.6635
12	2	2	10	5.5528
12	2	2	11	7.5693
12	2	2	12	4.8313
12	2	2	13	5.8833
12	2	2	14	4.9845
12	2	2	15	5.2317
12	2	2	16	3.2736
12	2	2	17	3.6539
12	2	2	18	6.1331
12	2	2	19	4.2013
12	2	2	20	6.3741
12	2	2	21	5.9745
12	2	2	22	6.3162
12	2	2	23	5.3279
12	2	2	24	7.1683
12	2	2	25	5.5787
12	2	2	26	7.0050
12	2	2	27	5.0035
12	2	2	28	4.3871
12	2	2	29	4.9895
12	2	2	30	5.9883
28	1	1	1	2.1296
28	1	1	2	2.6386
28	1	1	3	2.0430
28	1	1	4	3.0916
28	1	1	5	2.5501
28	1	1	6	1.9060
28	1	1	7	2.7754
28	1	1	8	3.1842
28	1	1	9	2.3702
28	1	1	10	2.9358
28	1	1	11	2.5902
28	1	1	12	3.6646
28	1	1	13	3.0937
28	1	1	14	3.2662
28	1	1	15	3.6755
28	1	1	16	2.6015
28	1	1	17	1.0169
28	1	1	18	1.4563
28	1	1	19	1.8174
28	1	1	20	3.0527
28	1	1	21	3.5000
28	1	1	22	2.9077
28	1	1	23	2.4772
28	1	1	24	2.1695
28	1	1	25	4.5143
28	1	1	26	1.8375
28	1	1	27	2.7305
28	1	1	28	2.5800
28	1	1	29	3.5764
28	1	1	30	2.4896
28	1	1	31	3.1628
28	1	1	32	1.6218
28	1	1	33	0.9930
28	1	1	34	3.3345
28	1	1	35	2.3623
28	1	2	1	5.7946
28	1	2	2	5.2354
28	1	2	3	4.9479
28	1	2	4	6.6745
28	1	2	5	6.6149
28	1	2	6	7.2132
28	1	2	7	6.2978
28	1	2	8	5.4194
28	1	2	9	6.1310
28	1	2	10	4.7152
28	1	2	11	5.4035
28	1	2	12	5.1933
28	1	2	13	4.2603
28	1	2	14	7.7817
28	1	2	15	5.3031
28	1	2	16	4.6765
28	1	2	17	5.4251
28	1	2	18	4.8526
28	1	2	19	6.1613
28	1	2	20	5.9582
28	1	2	21	4.4923
28	1	2	22	4.8923
28	1	2	23	6.8303
28	1	2	24	7.1222
28	1	2	25	6.2363
28	1	2	26	5.5688
28	1	2	27	7.7394
28	1	2	28	4.9547
28	1	2	29	5.0286
28	1	2	30	5.6230
28	1	2	31	6.7633
28	2	1	1	0.3095
28	2	1	2	1.9585
28	2	1	3	1.1226
28	2	1	4	0.7592
28	2	1	5	2.5255
28	2	1	6	1.4175
28	2	1	7	0.5855
28	2	1	8	1.9197
28	2	1	9	2.1980
28	2	1	10	1.7938
28	2	1	11	-0.4377
28	2	1	12	0.0132
28	2	1	13	0.9797
28	2	1	14	1.1694
28	2	1	15	0.6589
28	2	1	16	2.3081
28	2	1	17	-1.1453
28	2	1	18	2.3857
28	2	1	19	1.5436
28	2	1	20	2.0915
28	2	1	21	1.1512
28	2	1	22	0.2962
28	2	1	23	1.2157
28	2	1	24	1.0643
28	2	1	25	3.5006
28	2	1	26	1.5436
28	2	1	27	2.1631
28	2	1	28	1.7057
28	2	1	29	2.7847
28	2	2	1	6.5722
28	2	2	2	6.0509
28	2	2	3	6.1268
28	2	2	4	4.7070
28	2	2	5	6.9347
28	2	2	6	7.0010
28	2	2	7	4.7943
28	2	2	8	8.3672
28	2	2	9	7.3406
28	2	2	10	7.8005
28	2	2	11	6.6446
28	2	2	12	7.2975
28	2	2	13	4.8883
28	2	2	14	6.5651
28	2	2	15	5.7986
28	2	2	16	5.6406
28	2	2	17	4.8522
28	2	2	18	5.3756
28	2	2	19	5.0588
28	2	2	20	4.0736
28	2	2	21	6.6815
28	2	2	22	5.9852
28	2	2	23	5.4517
28	2	2	24	7.5763
28	2	2	25	8.2788
28	2	2	26	4.5818
28	2	2	27	7.7997
28	2	2	28	6.0470
28	2	2	29	6.8368
33	1	1	1	2.1555
33	1	1	2	1.0763
33	1	1	3	2.0657
33	1	1	4	3.1581
33	1	1	5	1.9680
33	1	1	6	1.9930
33	1	1	7	1.1284
33	1	1	8	1.1745
33	1	1	9	4.0154
33	1	1	10	1.4385
33	1	1	11	1.6282
33	1	1	12	1.0553
33	1	1	13	2.7389
33	1	1	14	0.4723
33	1	1	15	2.1076
33	1	1	16	2.2051
33	1	1	17	0.4219
33	1	1	18	2.2553
33	1	1	19	1.8327
33	1	1	20	1.0372
33	1	1	21	3.7954
33	1	2	1	3.5311
33	1	2	2	3.5925
33	1	2	3	2.8165
33	1	2	4	2.5130
33	1	2	5	3.1717
33	1	2	6	4.5457
33	1	2	7	4.0155
33	1	2	8	3.0347
33	1	2	9	3.4932
33	1	2	10	4.8314
33	1	2	11	4.5459
33	1	2	12	4.0794
33	1	2	13	3.5815
33	1	2	14	3.1847
33	1	2	15	3.4220
33	1	2	16	2.5470
33	1	2	17	4.1059
33	1	2	18	4.7397
33	1	2	19	3.4302
33	1	2	20	4.7294
33	1	2	21	5.7459
33	1	2	22	5.2679
33	1	2	23	4.0776
33	1	2	24	2.4383
33	1	2	25	4.5550
33	1	2	26	3.6425
33	1	2	27	5.8086
33	1	2	28	4.8526
33	1	2	29	4.0822
33	2	1	1	1.2178
33	2	1	2	3.3729
33	2	1	3	0.4377
33	2	1	4	-0.0229
33	2	1	5	0.4921
33	2	1	6	0.4924
33	2	1	7	-0.4620
33	2	1	8	2.3932
33	2	1	9	1.3461
33	2	1	10	0.8363
33	2	1	11	0.4804
33	2	1	12	1.0594
33	2	1	13	1.0474
33	2	1	14	-0.3210
33	2	1	15	0.9673
33	2	1	16	0.3321
33	2	1	17	3.1604
33	2	1	18	0.2799
33	2	1	19	2.1432
33	2	1	20	3.2350
33	2	1	21	0.2210
33	2	1	22	2.4139
33	2	1	23	1.5291
33	2	1	24	2.5182
33	2	1	25	1.8780
33	2	1	26	-0.1929
33	2	1	27	1.6384
33	2	2	1	4.4514
33	2	2	2	7.8053
33	2	2	3	7.6543
33	2	2	4	5.8349
33	2	2	5	6.8294
33	2	2	6	5.5867
33	2	2	7	4.0829
33	2	2	8	5.1636
33	2	2	9	7.1696
33	2	2	10	4.8146
33	2	2	11	5.6236
33	2	2	12	4.2260
33	2	2	13	3.4660
33	2	2	14	4.1510
33	2	2	15	6.8281
33	2	2	16	6.7025
33	2	2	17	6.7691
33	2	2	18	5.0235
33	2	2	19	5.3924
33	2	2	20	7.9170
33	2	2	21	5.0966
33	2	2	22	6.1396
33	2	2	23	6.0902
33	2	2	24	8.0432
33	2	2	25	5.6576
33	2	2	26	6.4972
13	1	1	1	2.3933
13	1	1	2	2.9982
13	1	1	3	2.0506
13	1	1	4	-0.1272
13	1	1	5	0.9661
13	1	1	6	1.4575
13	1	1	7	3.6307
13	1	1	8	1.3789
13	1	1	9	2.1156
13	1	1	10	0.4712
13	1	1	11	2.3179
13	1	1	12	2.5732
13	1	1	13	1.2337
13	1	1	14	1.7910
13	1	1	15	2.2072
13	1	1	16	0.6563
13	1	1	17	0.8974
13	1	1	18	1.1016
13	1	1	19	-0.3031
13	1	1	20	-0.2099
13	1	1	21	2.5528
13	1	1	22	2.0078
13	1	1	23	2.0087
13	1	1	24	1.0170
13	1	1	25	3.8768
13	1	1	26	0.9108
13	1	1	27	2.7816
13	1	1	28	1.6031
13	1	1	29	2.9843
13	1	1	30	1.0364
13	1	1	31	-0.5080
13	1	1	32	1.5144
13	1	1	33	2.3417
13	1	1	34	2.2926
13	1	1	35	0.4811
13	1	1	36	1.3995
13	1	1	37	3.0996
13	1	2	1	5.4230
13	1	2	2	2.3874
13	1	2	3	4.5445
13	1	2	4	5.3006
13	1	2	5	3.3133
13	1	2	6	6.7069
13	1	2	7	5.0891
13	1	2	8	3.8229
13	1	2	9	4.1537
13	1	2	10	4.2852
13	1	2	11	4.2893
13	1	2	12	6.1912
13	1	2	13	3.8189
13	1	2	14	4.6257
13	1	2	15	4.9249
13	1	2	16	3.4031
13	1	2	17	4.6807
13	1	2	18	3.9644
13	1	2	19	4.7556
13	1	2	20	4.8179
13	1	2	21	2.9127
13	1	2	22	3.2484
13	1	2	23	6.6437
13	1	2	24	5.0869
13	1	2	25	4.6507
13	1	2	26	3.4877
13	1	2	27	3.9051
13	1	2	28	5.4962
13	1	2	29	4.0688
13	1	2	30	5.1571
13	1	2	31	4.2508
13	1	2	32	4.0166
13	1	2	33	5.3829
13	1	2	34	3.4076
13	1	2	35	3.7197
13	2	1	1	4.3367
13	2	1	2	1.5605
13	2	1	3	1.5299
13	2	1	4	2.0108
13	2	1	5	1.6180
13	2	1	6	3.6811
13	2	1	7	3.3953
13	2	1	8	3.2696
13	2	1	9	3.3387
13	2	1	10	3.5722
13	2	1	11	1.3448
13	2	1	12	2.5042
13	2	1	13	4.3130
13	2	1	14	3.0775
13	2	1	15	2.7798
13	2	1	16	3.8113
13	2	1	17	2.2134
13	2	1	18	4.6874
13	2	1	19	4.3519
13	2	1	20	2.8932
13	2	1	21	4.5222
13	2	1	22	3.5879
13	2	1	23	2.6899
13	2	1	24	3.6210
13	2	1	25	2.0637
13	2	1	26	3.4709
13	2	1	27	4.7542
13	2	1	28	2.7921
13	2	1	29	2.7151
13	2	1	30	2.5321
13	2	1	31	3.6673
13	2	1	32	1.4305
13	2	1	33	3.0915
13	2	1	34	2.7496
13	2	1	35	3.2976
13	2	1	36	3.0821
13	2	1	37	1.8192
13	2	1	38	1.7696
13	2	1	39	2.4726
13	2	2	1	5.5232
13	2	2	2	5.8337
13	2	2	3	5.7223
13	2	2	4	5.9285
13	2	2	5	6.2478
13	2	2	6	7.1761
13	2	2	7	4.4984
13	2	2	8	6.0959
13	2	2	9	6.6992
13	2	2	10	5.9076
13	2	2	11	5.6435
13	2	2	12	5.3295
13	2	2	13	6.5159
13	2	2	14	6.0520
13	2	2	15	3.4018
13	2	2	16	5.2119
13	2	2	17	5.2788
13	2	2	18	4.6388
13	2	2	19	6.0480
13	2	2	20	5.3719
13	2	2	21	4.2034
13	2	2	22	4.2922
13	2	2	23	5.1654
13	2	2	24	4.2197
13	2	2	25	5.1645
13	2	2	26	4.6790
13	2	2	27	5.3565
13	2	2	28	4.5957
13	2	2	29	5.2997
13	2	2	30	4.0925
13	2	2	31	6.6646
17	1	1	1	2.1968
17	1	1	2	3.0774
17	1	1	3	2.0190
17	1	1	4	1.7419
17	1	1	5	1.0888
17	1	1	6	1.1719
17	1	1	7	2.2356
17	1	1	8	1.3529
17	1	1	9	1.8929
17	1	1	10	1.3707
17	1	1	11	3.0106
17	1	1	12	1.3893
17	1	1	13	0.5026
17	1	1	14	-0.7202
17	1	1	15	2.1833
17	1	1	16	1.1628
17	1	1	17	2.0479
17	1	1	18	-0.6839
17	1	1	19	-1.3839
17	1	1	20	1.9303
17	1	2	1	2.8414
17	1	2	2	4.5322
17	1	2	3	2.3346
17	1	2	4	3.7256
17	1	2	5	4.5442
17	1	2	6	2.7740
17	1	2	7	6.4894
17	1	2	8	3.2815
17	1	2	9	6.4436
17	1	2	10	0.8151
17	1	2	11	5.9763
17	1	2	12	4.3783
17	1	2	13	4.0629
17	1	2	14	5.2706
17	1	2	15	5.4786
17	1	2	16	3.6004
17	1	2	17	3.1452
17	1	2	18	3.2462
17	1	2	19	4.2724
17	1	2	20	2.9818
17	1	2	21	3.4290
17	1	2	22	4.9035
17	1	2	23	2.8369
17	1	2	24	3.2135
17	1	2	25	2.4518
17	1	2	26	3.7626
17	1	2	27	3.8825
17	1	2	28	4.3728
17	1	2	29	3.8174
17	1	2	30	5.0380
17	1	2	31	5.0318
17	1	2	32	3.0541
17	2	1	1	3.4706
17	2	1	2	1.5785
17	2	1	3	2.9850
17	2	1	4	3.0230
17	2	1	5	2.8921
17	2	1	6	3.4112
17	2	1	7	2.8284
17	2	1	8	3.9101
17	2	1	9	3.0733
17	2	1	10	2.3231
17	2	1	11	3.0087
17	2	1	12	3.3676
17	2	1	13	3.8983
17	2	1	14	2.5727
17	2	1	15	1.6575
17	2	1	16	4.5140
17	2	1	17	1.4396
17	2	1	18	3.9671
17	2	1	19	2.0959
17	2	1	20	3.6932
17	2	1	21	1.6009
17	2	1	22	3.1405
17	2	1	23	1.9649
17	2	1	24	2.7988
17	2	1	25	3.1969
17	2	1	26	2.9869
17	2	1	27	2.5622
17	2	1	28	4.2154
17	2	1	29	3.2231
17	2	1	30	3.3313
17	2	1	31	3.6039
17	2	1	32	1.2885
17	2	1	33	3.3445
17	2	1	34	3.1857
17	2	1	35	4.0885
17	2	1	36	3.5785
17	2	1	37	1.8752
17	2	2	1	6.1015
17	2	2	2	5.8090
17	2	2	3	6.8094
17	2	2	4	5.8621
17	2	2	5	6.1375
17	2	2	6	5.5402
17	2	2	7	6.2908
17	2	2	8	6.4235
17	2	2	9	6.9009
17	2	2	10	6.1813
17	2	2	11	5.7008
17	2	2	12	7.1195
17	2	2	13	8.0111
17	2	2	14	6.5902
17	2	2	15	6.1278
17	2	2	16	7.5657
17	2	2	17	5.5081
17	2	2	18	5.3892
17	2	2	19	5.9651
17	2	2	20	4.1344
17	2	2	21	6.6127
17	2	2	22	6.4851
17	2	2	23	4.7785
17	2	2	24	5.8501
17	2	2	25	7.0349
17	2	2	26	5.8970
17	2	2	27	6.9329
17	2	2	28	5.5272
17	2	2	29	6.5331
17	2	2	30	6.3077
17	2	2	31	6.0308
17	2	2	32	6.5739
17	2	2	33	6.1837
17	2	2	34	4.7838
17	2	2	35	6.5561
17	2	2	36	6.3738
17	2	2	37	6.2066
17	2	2	38	6.3844
17	2	2	39	7.0190
17	2	2	40	4.5984
8	1	1	1	3.6497
8	1	1	2	2.8113
8	1	1	3	1.5630
8	1	1	4	4.1667
8	1	1	5	2.0951
8	1	1	6	1.9135
8	1	1	7	2.3934
8	1	1	8	1.1526
8	1	1	9	2.4013
8	1	1	10	3.7155
8	1	1	11	1.4785
8	1	1	12	0.7140
8	1	1	13	0.7017
8	1	1	14	1.8291
8	1	1	15	2.4638
8	1	1	16	0.7151
8	1	1	17	3.2400
8	1	1	18	0.3375
8	1	1	19	4.0301
8	1	1	20	2.2424
8	1	1	21	-0.8420
8	1	1	22	2.2653
8	1	1	23	2.2360
8	1	1	24	2.5890
8	1	2	1	2.3057
8	1	2	2	4.2905
8	1	2	3	2.6550
8	1	2	4	5.2809
8	1	2	5	4.3160
8	1	2	6	4.0119
8	1	2	7	4.0420
8	1	2	8	2.4137
8	1	2	9	2.5890
8	1	2	10	5.0381
8	1	2	11	4.0281
8	1	2	12	4.7543
8	1	2	13	2.4245
8	1	2	14	3.8967
8	1	2	15	3.8066
8	1	2	16	2.6539
8	1	2	17	3.0782
8	1	2	18	4.1377
8	1	2	19	4.6471
8	1	2	20	1.9608
8	1	2	21	4.7714
8	1	2	22	3.6002
8	1	2	23	3.4733
8	1	2	24	4.2519
8	1	2	25	3.5987
8	1	2	26	4.2956
8	1	2	27	3.6090
8	1	2	28	3.6627
8	1	2	29	4.0578
8	1	2	30	4.0530
8	1	2	31	4.1774
8	1	2	32	3.3992
8	1	2	33	3.3031
8	1	2	34	4.4426
8	2	1	1	3.8331
8	2	1	2	4.3834
8	2	1	3	4.5059
8	2	1	4	2.8638
8	2	1	5	2.4010
8	2	1	6	5.4333
8	2	1	7	3.4716
8	2	1	8	1.6622
8	2	1	9	4.0061
8	2	1	10	3.8632
8	2	1	11	2.4941
8	2	1	12	1.9694
8	2	1	13	3.8135
8	2	1	14	2.7365
8	2	1	15	5.1325
8	2	1	16	3.3341
8	2	1	17	3.7694
8	2	1	18	4.4979
8	2	1	19	3.1630
8	2	1	20	3.2786
8	2	1	21	4.1234
8	2	1	22	1.5294
8	2	1	23	3.7936
8	2	1	24	3.7195
8	2	1	25	4.8747
8	2	1	26	3.2251
8	2	1	27	3.5786
8	2	1	28	3.3578
8	2	1	29	1.5200
8	2	1	30	3.9378
8	2	2	1	5.6108
8	2	2	2	7.0559
8	2	2	3	4.5903
8	2	2	4	6.2320
8	2	2	5	6.6499
8	2	2	6	5.0015
8	2	2	7	5.7970
8	2	2	8	7.5342
8	2	2	9	7.2146
8	2	2	10	5.2136
8	2	2	11	6.0530
8	2	2	12	5.8079
8	2	2	13	7.1940
8	2	2	14	6.9195
8	2	2	15	6.8206
8	2	2	16	7.0523
8	2	2	17	7.6381
8	2	2	18	7.5642
8	2	2	19	7.0852
8	2	2	20	8.0262
8	2	2	21	5.8916
8	2	2	22	6.4959
8	2	2	23	7.6003
8	2	2	24	5.4682
8	2	2	25	5.6479
8	2	2	26	5.5466
8	2	2	27	5.6130
8	2	2	28	6.1862
8	2	2	29	4.9844
8	2	2	30	5.1065
8	2	2	31	7.8150
8	2	2	32	6.4944
8	2	2	33	6.3731
8	2	2	34	7.6931
8	2	2	35	5.7475
8	2	2	36	4.3076
8	2	2	37	4.2633
8	2	2	38	5.1949
8	2	2	39	8.0734
